[Variables]
idex_applied_offset = 0
idex_xcontrolpoint = 213.02848017294963
idex_xoffset = 2.326331198402812
idex_ycontrolpoint = 526.9473974313717
idex_yoffset = 0.2405700843193017
idex_zcontrolpoint = -2.9999999999999996
idex_zoffset = -0.02531249999473939
idex_zoffsetcontrolpoint = -4.982812499979932
nozzle_expansion_applied_offset = 0
nozzle_expansion_coefficient_multiplier = 1.0
nozzle_expansion_coefficient_t0 = 0.06
nozzle_expansion_coefficient_t1 = 0.06
t0_filament = ('', '', 0)
t1_filament = ('', '', 0)

