[Variables]
idex_applied_offset = 0
idex_xcontrolpoint = 206.48088911252975
idex_xoffset = 0.018418889434485664
idex_ycontrolpoint = 529.4835811105654
idex_yoffset = 0.17313756068438124
idex_zcontrolpoint = -3.0
idex_zoffset = 0.010937500002601297
idex_zoffsetcontrolpoint = -4.881874999979637
nozzle_expansion_applied_offset = 0
nozzle_expansion_coefficient_multiplier = 0.40476190476190516
nozzle_expansion_coefficient_t0 = 0.06
nozzle_expansion_coefficient_t1 = 0.06
t0_filament = ('', '', 0)
t1_filament = ('', '', 0)

