[Variables]
idex_applied_offset = 0
idex_xcontrolpoint = 213.0924615783537
idex_xoffset = 2.3979903724553537
idex_ycontrolpoint = 526.9269233816424
idex_yoffset = 0.23289231567082425
idex_zcontrolpoint = -2.9999999999999996
idex_zoffset = -0.02531249999473939
idex_zoffsetcontrolpoint = -4.982812499979932
nozzle_expansion_applied_offset = 0
nozzle_expansion_coefficient_multiplier = 1.0
nozzle_expansion_coefficient_t0 = 0.06
nozzle_expansion_coefficient_t1 = 0.06
t0_filament = ('unknown', 'unknown', 220)
t1_filament = ('', '', 0)

