[Variables]
idex_applied_offset = 1
idex_xcontrolpoint = 213.0771060410567
idex_xoffset = 2.403108884887672
idex_ycontrolpoint = 526.9448381751555
idex_yoffset = 0.24824785296777918
idex_zcontrolpoint = -2.9999999999999996
idex_zoffset = -0.02531249999473939
idex_zoffsetcontrolpoint = -4.982812499979932
nozzle_expansion_applied_offset = 0
nozzle_expansion_coefficient_multiplier = 1.0
nozzle_expansion_coefficient_t0 = 0.06
nozzle_expansion_coefficient_t1 = 0.06
t0_filament = ('', '', 0)
t1_filament = ('', '', 0)

