[Variables]
idex_applied_offset = 0
idex_xcontrolpoint = 213.10013934700217
idex_xoffset = 2.3698385540775746
idex_ycontrolpoint = 526.9166863567777
idex_yoffset = 0.19962198486075522
idex_zcontrolpoint = -2.9999999999999996
idex_zoffset = -0.02531249999473939
idex_zoffsetcontrolpoint = -4.982812499979932
nozzle_expansion_applied_offset = 0
nozzle_expansion_coefficient_multiplier = 1.0
nozzle_expansion_coefficient_t0 = 0.06
nozzle_expansion_coefficient_t1 = 0.06
t0_filament = ('', '', 0)
t1_filament = ('', '', 0)

